0
1
1
2
3
5
8
13
21
34
55
89
144
233
377
610
987
1597
2584
4181
6765
10946
17711
28657
46368
75025
121393
196418
317811
514229
832040
1346269
2178309
3524578
5702887
9227465
14930352
24157817
39088169
63245986
102334155
165580141
267914296
433494437
701408733
1134903170
1836311903
2971215073
4807526976
7778742049
12586269025
20365011074
32951280099
53316291173
86267571272
139583862445
225851433717
365435296162
591286729879
956722026041
1548008755920
2504730781961
4052739537881
6557470319842
10610209857723
17167680177565
27777890035288
44945570212853
72723460248141
117669030460994
190392490709135
308061521170129
498454011879264
806515533049393
1,30496954492866E+15
2,11148507797805E+15
3,41645462290671E+15
5,52793970088476E+15
8,94439432379146E+15
1,44723340246762E+16
2,34167283484677E+16
3,78890623731439E+16
6,13057907216116E+16
9,91948530947555E+16
1,60500643816367E+17
2,59695496911123E+17
4,2019614072749E+17
6,79891637638612E+17
1,1000877783661E+18
1,77997941600471E+18
2,88006719437082E+18
4,66004661037553E+18
7,54011380474635E+18
1,22001604151219E+19
1,97402742198682E+19
3,19404346349901E+19
5,16807088548583E+19
8,36211434898484E+19
1,35301852344707E+20
2,18922995834555E+20
3,54224848179262E+20
5,73147844013817E+20
9,27372692193079E+20
1,5005205362069E+21
2,42789322839998E+21
3,92841376460687E+21
6,35630699300685E+21
1,02847207576137E+22
1,66410277506206E+22
2,69257485082343E+22
4,35667762588549E+22
7,04925247670891E+22
1,14059301025944E+23
1,84551825793033E+23
2,98611126818977E+23
4,8316295261201E+23
7,81774079430987E+23
1,264937032043E+24
2,04671111147399E+24
3,31164814351698E+24
5,35835925499097E+24
8,67000739850795E+24
1,40283666534989E+25
2,26983740520069E+25
3,67267407055058E+25
5,94251147575127E+25
9,61518554630184E+25
1,55576970220531E+26
2,5172882568355E+26
4,07305795904081E+26
6,5903462158763E+26
1,06634041749171E+27
1,72537503907934E+27
2,79171545657105E+27
4,51709049565039E+27
7,30880595222145E+27
1,18258964478718E+28
1,91347024000933E+28
3,09605988479651E+28
5,00953012480584E+28
8,10559000960235E+28
1,31151201344082E+29
2,12207101440105E+29
3,43358302784187E+29
5,55565404224293E+29
8,9892370700848E+29
1,45448911123277E+30
2,35341281824125E+30
3,80790192947403E+30
6,16131474771528E+30
9,9692166771893E+30
1,61305314249046E+31
2,60997481020939E+31
4,22302795269985E+31
6,83300276290924E+31
1,10560307156091E+32
1,78890334785183E+32
2,89450641941274E+32
4,68340976726457E+32
7,57791618667731E+32
1,22613259539419E+33
1,98392421406192E+33
3,21005680945611E+33
5,19398102351803E+33
8,40403783297414E+33
1,35980188564922E+34
2,20020566894663E+34
3,56000755459585E+34
5,76021322354248E+34
9,32022077813832E+34
1,50804340016808E+35
2,44006547798191E+35
3,94810887814999E+35
6,38817435613191E+35
1,03362832342819E+36
1,67244575904138E+36
2,70607408246957E+36
4,37851984151095E+36
7,08459392398052E+36
1,14631137654915E+37
1,8547707689472E+37
3,00108214549635E+37
4,85585291444354E+37
7,85693505993989E+37
1,27127879743834E+38
2,05697230343233E+38
3,32825110087068E+38
5,38522340430301E+38
8,71347450517368E+38
1,40986979094767E+39
2,28121724146504E+39
3,69108703241271E+39
5,97230427387774E+39
9,66339130629045E+39
1,56356955801682E+40
2,52990868864587E+40
4,09347824666268E+40
6,62338693530855E+40
1,07168651819712E+41
1,73402521172798E+41
2,8057117299251E+41
4,53973694165308E+41
7,34544867157818E+41
1,18851856132313E+42
1,92306342848094E+42
3,11158198980407E+42
5,03464541828501E+42
8,14622740808908E+42
1,31808728263741E+43
2,13271002344632E+43
3,45079730608373E+43
5,58350732953005E+43
9,03430463561377E+43
1,46178119651438E+44
2,36521166007576E+44
3,82699285659014E+44
6,1922045166659E+44
1,0019197373256E+45
1,62114018899219E+45
2,6230599263178E+45
4,24420011530999E+45
6,86726004162779E+45
1,11114601569378E+46
1,79787201985656E+46
2,90901803555034E+46
4,70689005540689E+46
7,61590809095723E+46
1,23227981463641E+47
1,99387062373214E+47
3,22615043836855E+47
5,22002106210068E+47
8,44617150046923E+47
1,36661925625699E+48
2,21123640630391E+48
3,57785566256091E+48
5,78909206886482E+48
9,36694773142572E+48
1,51560398002905E+49
2,45229875317163E+49
3,96790273320068E+49
6,42020148637231E+49
1,0388104219573E+50
1,68083057059453E+50
2,71964099255183E+50
4,40047156314636E+50
7,12011255569819E+50
1,15205841188445E+51
1,86406966745427E+51
3,01612807933873E+51
4,880197746793E+51
7,89632582613173E+51
1,27765235729247E+52
2,06728493990565E+52
3,34493729719812E+52
5,41222223710376E+52
8,75715953430188E+52
1,41693817714056E+53
2,29265413057075E+53
3,70959230771132E+53
6,00224643828207E+53
9,71183874599339E+53
1,57140851842755E+54
2,54259239302688E+54
4,11400091145443E+54
6,65659330448132E+54
1,07705942159357E+55
1,74271875204171E+55
2,81977817363528E+55
4,56249692567699E+55
7,38227509931227E+55
1,19447720249893E+56
1,93270471243015E+56
3,12718191492908E+56
5,05988662735923E+56
8,18706854228831E+56
1,32469551696475E+57
2,14340237119358E+57
3,46809788815834E+57
5,61150025935192E+57
9,07959814751026E+57
1,46910984068622E+58
2,37706965543724E+58
3,84617949612346E+58
6,22324915156071E+58
1,00694286476842E+59
1,62926777992449E+59
2,6362106446929E+59
4,26547842461739E+59
6,9016890693103E+59
1,11671674939277E+60
1,8068856563238E+60
2,92360240571657E+60
4,73048806204037E+60
7,65409046775693E+60
1,23845785297973E+61
2,00386689975542E+61
3,24232475273515E+61
5,24619165249058E+61
8,48851640522573E+61
1,37347080577163E+62
2,2223224462942E+62
3,59579325206583E+62
5,81811569836004E+62
9,41390895042587E+62
1,52320246487859E+63
2,46459335992118E+63
3,98779582479977E+63
6,45238918472095E+63
1,04401850095207E+64
1,68925741942417E+64
2,73327592037624E+64
4,4225333398004E+64
7,15580926017664E+64
1,1578342599977E+65
1,87341518601537E+65
3,03124944601307E+65
4,90466463202844E+65
7,93591407804151E+65
1,284057871007E+66
2,07764927881115E+66
3,36170714981814E+66
5,43935642862929E+66
8,80106357844743E+66
1,42404200070767E+67
2,30414835855242E+67
3,72819035926009E+67
6,0323387178125E+67
9,76052907707259E+67
1,57928677948851E+68
2,55533968719577E+68
4,13462646668428E+68
6,68996615388005E+68
1,08245926205643E+69
1,75145587744444E+69
2,83391513950087E+69
4,58537101694531E+69
7,41928615644617E+69
1,20046571733915E+70
1,94239433298377E+70
3,14286005032291E+70
5,08525438330668E+70
8,22811443362959E+70
1,33133688169363E+71
2,15414832505659E+71
3,48548520675021E+71
5,6396335318068E+71
9,12511873855701E+71
1,47647522703638E+72
2,38898710089208E+72
3,86546232792846E+72
6,25444942882055E+72
1,0119911756749E+73
1,63743611855696E+73
2,64942729423186E+73
4,28686341278881E+73
6,93629070702067E+73
1,12231541198095E+74
1,81594448268302E+74
2,93825989466396E+74
4,75420437734698E+74
7,69246427201094E+74
1,24466686493579E+75
2,01391329213689E+75
3,25858015707268E+75
5,27249344920956E+75
8,53107360628224E+75
1,38035670554918E+76
2,2334640661774E+76
3,61382077172659E+76
5,84728483790399E+76
9,46110560963057E+76
1,53083904475346E+77
2,47694960571651E+77
4,00778865046997E+77
6,48473825618648E+77
1,04925269066565E+78
1,69772651628429E+78
2,74697920694994E+78
4,44470572323423E+78
7,19168493018417E+78
1,16363906534184E+79
1,88280755836026E+79
3,0464466237021E+79
4,92925418206236E+79
7,97570080576446E+79
1,29049549878268E+80
2,08806557935913E+80
3,37856107814181E+80
5,46662665750093E+80
8,84518773564274E+80
1,43118143931437E+81
2,31570021287864E+81
3,74688165219301E+81
6,06258186507165E+81
9,80946351726466E+81
1,58720453823363E+82
2,5681508899601E+82
4,15535542819373E+82
6,72350631815383E+82
1,08788617463476E+83
1,76023680645014E+83
2,84812298108489E+83
4,60835978753503E+83
7,45648276861992E+83
1,2064842556155E+84
1,95213253247749E+84
3,15861678809298E+84
5,11074932057047E+84
8,26936610866346E+84
1,33801154292339E+85
2,16494815378974E+85
3,50295969671313E+85
5,66790785050287E+85
9,170867547216E+85
1,48387753977189E+86
2,40096429449349E+86
3,88484183426537E+86
6,28580612875886E+86
1,01706479630242E+87
1,64564540917831E+87
2,66271020548073E+87
4,30835561465904E+87
6,97106582013978E+87
1,12794214347988E+88
1,82504872549386E+88
2,95299086897374E+88
4,7780395944676E+88
7,73103046344134E+88
1,25090700579089E+89
2,02401005213503E+89
3,27491705792592E+89
5,29892711006095E+89
8,57384416798687E+89
1,38727712780478E+90
2,24466154460347E+90
3,63193867240825E+90
5,87660021701172E+90
9,50853888941997E+90
1,53851391064317E+91
2,48936779958517E+91
4,02788171022834E+91
6,5172495098135E+91
1,05451312200418E+92
1,70623807298553E+92
2,76075119498972E+92
4,46698926797525E+92
7,22774046296497E+92
1,16947297309402E+93
1,89224701939052E+93
3,06171999248454E+93
4,95396701187506E+93
8,0156870043596E+93
1,29696540162347E+94
2,09853410205943E+94
3,39549950368289E+94
5,49403360574232E+94
8,88953310942521E+94
1,43835667151675E+95
2,32730998245927E+95
3,76566665397603E+95
6,0929766364353E+95
9,85864329041133E+95
1,59516199268466E+96
2,5810263217258E+96
4,17618831441046E+96
6,75721463613625E+96
1,09334029505467E+97
1,7690617586683E+97
2,86240205372297E+97
4,63146381239126E+97
7,49386586611423E+97
1,21253296785055E+98
1,96191955446197E+98
3,17445252231252E+98
5,1363720767745E+98
8,31082459908702E+98
1,34471966758615E+99
2,17580212749485E+99
3,520521795081E+99
5,69632392257586E+99
9,21684571765686E+99
1,49131696402327E+100
2,41300153578896E+100
3,90431849981223E+100
6,31732003560119E+100
1,02216385354134E+101
1,65389585710146E+101
2,6760597106428E+101
4,32995556774426E+101
7,00601527838707E+101
1,13359708461313E+102
1,83419861245184E+102
2,96779569706497E+102
4,80199430951681E+102
7,76979000658178E+102
1,25717843160986E+103
2,03415743226804E+103
3,2913358638779E+103
5,32549329614594E+103
8,61682916002383E+103
1,39423224561698E+104
2,25591516161936E+104
3,65014740723634E+104
5,9060625688557E+104
9,55620997609204E+104
1,54622725449477E+105
2,50184825210398E+105
4,04807550659875E+105
6,54992375870273E+105
1,05979992653015E+106
1,71479230240042E+106
2,77459222893057E+106
4,48938453133099E+106
7,26397676026156E+106
1,17533612915925E+107
1,90173380518541E+107
3,07706993434466E+107
4,97880373953008E+107
8,05587367387474E+107
1,30346774134048E+108
2,10905510872796E+108
3,41252285006844E+108
5,52157795879639E+108
8,93410080886483E+108
1,44556787676612E+109
2,33897795765261E+109
3,78454583441873E+109
6,12352379207133E+109
9,90806962649006E+109
1,60315934185614E+110
2,59396630450515E+110
4,19712564636129E+110
6,79109195086643E+110
1,09882175972277E+111
1,77793095480941E+111
2,87675271453219E+111
4,6546836693416E+111
7,53143638387379E+111
1,21861200532154E+112
1,97175564370892E+112
3,19036764903046E+112
5,16212329273937E+112
8,35249094176983E+112
1,35146142345092E+113
2,1867105176279E+113
3,53817194107882E+113
5,72488245870673E+113
0
1
1
2
3
5
8
13
21
34
55
89
144
233
377
610
987
1597
2584
4181
6765
10946
17711
28657
46368
75025
121393
196418
317811
514229
832040
1346269
2178309
3524578
5702887
9227465
14930352
24157817
39088169
63245986
102334155
165580141
267914296
433494437
701408733
1134903170
1836311903
2971215073
4807526976
7778742049
12586269025
20365011074
32951280099
53316291173
86267571272
139583862445
225851433717
365435296162
591286729879
956722026041
1548008755920
2504730781961
4052739537881
6557470319842
10610209857723
17167680177565
27777890035288
44945570212853
72723460248141
117669030460994
190392490709135
308061521170129
498454011879264
806515533049393
1,30496954492866E+15
2,11148507797805E+15
3,41645462290671E+15
5,52793970088476E+15
8,94439432379146E+15
1,44723340246762E+16
2,34167283484677E+16
3,78890623731439E+16
6,13057907216116E+16
9,91948530947555E+16
1,60500643816367E+17
2,59695496911123E+17
4,2019614072749E+17
6,79891637638612E+17
1,1000877783661E+18
1,77997941600471E+18
2,88006719437082E+18
4,66004661037553E+18
7,54011380474635E+18
1,22001604151219E+19
1,97402742198682E+19
3,19404346349901E+19
5,16807088548583E+19
8,36211434898484E+19
1,35301852344707E+20
2,18922995834555E+20
3,54224848179262E+20
5,73147844013817E+20
9,27372692193079E+20
1,5005205362069E+21
2,42789322839998E+21
3,92841376460687E+21
6,35630699300685E+21
1,02847207576137E+22
1,66410277506206E+22
2,69257485082343E+22
4,35667762588549E+22
7,04925247670891E+22
1,14059301025944E+23
1,84551825793033E+23
2,98611126818977E+23
4,8316295261201E+23
7,81774079430987E+23
1,264937032043E+24
2,04671111147399E+24
3,31164814351698E+24
5,35835925499097E+24
8,67000739850795E+24
1,40283666534989E+25
2,26983740520069E+25
3,67267407055058E+25
5,94251147575127E+25
9,61518554630184E+25
1,55576970220531E+26
2,5172882568355E+26
4,07305795904081E+26
6,5903462158763E+26
1,06634041749171E+27
1,72537503907934E+27
2,79171545657105E+27
4,51709049565039E+27
7,30880595222145E+27
1,18258964478718E+28
1,91347024000933E+28
3,09605988479651E+28
5,00953012480584E+28
8,10559000960235E+28
1,31151201344082E+29
2,12207101440105E+29
3,43358302784187E+29
5,55565404224293E+29
8,9892370700848E+29
1,45448911123277E+30
2,35341281824125E+30
3,80790192947403E+30
6,16131474771528E+30
9,9692166771893E+30
1,61305314249046E+31
2,60997481020939E+31
4,22302795269985E+31
6,83300276290924E+31
1,10560307156091E+32
1,78890334785183E+32
2,89450641941274E+32
4,68340976726457E+32
7,57791618667731E+32
1,22613259539419E+33
1,98392421406192E+33
3,21005680945611E+33
5,19398102351803E+33
8,40403783297414E+33
1,35980188564922E+34
2,20020566894663E+34
3,56000755459585E+34
5,76021322354248E+34
9,32022077813832E+34
1,50804340016808E+35
2,44006547798191E+35
3,94810887814999E+35
6,38817435613191E+35
1,03362832342819E+36
1,67244575904138E+36
2,70607408246957E+36
4,37851984151095E+36
7,08459392398052E+36
1,14631137654915E+37
1,8547707689472E+37
3,00108214549635E+37
4,85585291444354E+37
7,85693505993989E+37
1,27127879743834E+38
2,05697230343233E+38
3,32825110087068E+38
5,38522340430301E+38
8,71347450517368E+38
1,40986979094767E+39
2,28121724146504E+39
3,69108703241271E+39
5,97230427387774E+39
9,66339130629045E+39
1,56356955801682E+40
2,52990868864587E+40
4,09347824666268E+40
6,62338693530855E+40
1,07168651819712E+41
1,73402521172798E+41
2,8057117299251E+41
4,53973694165308E+41
7,34544867157818E+41
1,18851856132313E+42
1,92306342848094E+42
3,11158198980407E+42
5,03464541828501E+42
8,14622740808908E+42
1,31808728263741E+43
2,13271002344632E+43
3,45079730608373E+43
5,58350732953005E+43
9,03430463561377E+43
1,46178119651438E+44
2,36521166007576E+44
3,82699285659014E+44
6,1922045166659E+44
1,0019197373256E+45
1,62114018899219E+45
2,6230599263178E+45
4,24420011530999E+45
6,86726004162779E+45
1,11114601569378E+46
1,79787201985656E+46
2,90901803555034E+46
4,70689005540689E+46
7,61590809095723E+46
1,23227981463641E+47
1,99387062373214E+47
3,22615043836855E+47
5,22002106210068E+47
8,44617150046923E+47
1,36661925625699E+48
2,21123640630391E+48
3,57785566256091E+48
5,78909206886482E+48
9,36694773142572E+48
1,51560398002905E+49
2,45229875317163E+49
3,96790273320068E+49
6,42020148637231E+49
1,0388104219573E+50
1,68083057059453E+50
2,71964099255183E+50
4,40047156314636E+50
7,12011255569819E+50
1,15205841188445E+51
1,86406966745427E+51
3,01612807933873E+51
4,880197746793E+51
7,89632582613173E+51
1,27765235729247E+52
2,06728493990565E+52
3,34493729719812E+52
5,41222223710376E+52
8,75715953430188E+52
1,41693817714056E+53
2,29265413057075E+53
3,70959230771132E+53
6,00224643828207E+53
9,71183874599339E+53
1,57140851842755E+54
2,54259239302688E+54
4,11400091145443E+54
6,65659330448132E+54
1,07705942159357E+55
1,74271875204171E+55
2,81977817363528E+55
4,56249692567699E+55
7,38227509931227E+55
1,19447720249893E+56
1,93270471243015E+56
3,12718191492908E+56
5,05988662735923E+56
8,18706854228831E+56
1,32469551696475E+57
2,14340237119358E+57
3,46809788815834E+57
5,61150025935192E+57
9,07959814751026E+57
1,46910984068622E+58
2,37706965543724E+58
3,84617949612346E+58
6,22324915156071E+58
1,00694286476842E+59
1,62926777992449E+59
2,6362106446929E+59
4,26547842461739E+59
6,9016890693103E+59
1,11671674939277E+60
1,8068856563238E+60
2,92360240571657E+60
4,73048806204037E+60
7,65409046775693E+60
1,23845785297973E+61
2,00386689975542E+61
3,24232475273515E+61
5,24619165249058E+61
8,48851640522573E+61
1,37347080577163E+62
2,2223224462942E+62
3,59579325206583E+62
5,81811569836004E+62
9,41390895042587E+62
1,52320246487859E+63
2,46459335992118E+63
3,98779582479977E+63
6,45238918472095E+63
1,04401850095207E+64
1,68925741942417E+64
2,73327592037624E+64
4,4225333398004E+64
7,15580926017664E+64
1,1578342599977E+65
1,87341518601537E+65
3,03124944601307E+65
4,90466463202844E+65
7,93591407804151E+65
1,284057871007E+66
2,07764927881115E+66
3,36170714981814E+66
5,43935642862929E+66
8,80106357844743E+66
1,42404200070767E+67
2,30414835855242E+67
3,72819035926009E+67
6,0323387178125E+67
9,76052907707259E+67
1,57928677948851E+68
2,55533968719577E+68
4,13462646668428E+68
6,68996615388005E+68
1,08245926205643E+69
1,75145587744444E+69
2,83391513950087E+69
4,58537101694531E+69
7,41928615644617E+69
1,20046571733915E+70
1,94239433298377E+70
3,14286005032291E+70
5,08525438330668E+70
8,22811443362959E+70
1,33133688169363E+71
2,15414832505659E+71
3,48548520675021E+71
5,6396335318068E+71
9,12511873855701E+71
1,47647522703638E+72
2,38898710089208E+72
3,86546232792846E+72
6,25444942882055E+72
1,0119911756749E+73
1,63743611855696E+73
2,64942729423186E+73
4,28686341278881E+73
6,93629070702067E+73
1,12231541198095E+74
1,81594448268302E+74
2,93825989466396E+74
4,75420437734698E+74
7,69246427201094E+74
1,24466686493579E+75
2,01391329213689E+75
3,25858015707268E+75
5,27249344920956E+75
8,53107360628224E+75
1,38035670554918E+76
2,2334640661774E+76
3,61382077172659E+76
5,84728483790399E+76
9,46110560963057E+76
1,53083904475346E+77
2,47694960571651E+77
4,00778865046997E+77
6,48473825618648E+77
1,04925269066565E+78
1,69772651628429E+78
2,74697920694994E+78
4,44470572323423E+78
7,19168493018417E+78
1,16363906534184E+79
1,88280755836026E+79
3,0464466237021E+79
4,92925418206236E+79
7,97570080576446E+79
1,29049549878268E+80
2,08806557935913E+80
3,37856107814181E+80
5,46662665750093E+80
8,84518773564274E+80
1,43118143931437E+81
2,31570021287864E+81
3,74688165219301E+81
6,06258186507165E+81
9,80946351726466E+81
1,58720453823363E+82
2,5681508899601E+82
4,15535542819373E+82
6,72350631815383E+82
1,08788617463476E+83
1,76023680645014E+83
2,84812298108489E+83
4,60835978753503E+83
7,45648276861992E+83
1,2064842556155E+84
1,95213253247749E+84
3,15861678809298E+84
5,11074932057047E+84
8,26936610866346E+84
1,33801154292339E+85
2,16494815378974E+85
3,50295969671313E+85
5,66790785050287E+85
9,170867547216E+85
1,48387753977189E+86
2,40096429449349E+86
3,88484183426537E+86
6,28580612875886E+86
1,01706479630242E+87
1,64564540917831E+87
2,66271020548073E+87
4,30835561465904E+87
6,97106582013978E+87
1,12794214347988E+88
1,82504872549386E+88
2,95299086897374E+88
4,7780395944676E+88
7,73103046344134E+88
1,25090700579089E+89
2,02401005213503E+89
3,27491705792592E+89
5,29892711006095E+89
8,57384416798687E+89
1,38727712780478E+90
2,24466154460347E+90
3,63193867240825E+90
5,87660021701172E+90
9,50853888941997E+90
1,53851391064317E+91
2,48936779958517E+91
4,02788171022834E+91
6,5172495098135E+91
1,05451312200418E+92
1,70623807298553E+92
2,76075119498972E+92
4,46698926797525E+92
7,22774046296497E+92
1,16947297309402E+93
1,89224701939052E+93
3,06171999248454E+93
4,95396701187506E+93
8,0156870043596E+93
1,29696540162347E+94
2,09853410205943E+94
3,39549950368289E+94
5,49403360574232E+94
8,88953310942521E+94
1,43835667151675E+95
2,32730998245927E+95
3,76566665397603E+95
6,0929766364353E+95
9,85864329041133E+95
1,59516199268466E+96
2,5810263217258E+96
4,17618831441046E+96
6,75721463613625E+96
1,09334029505467E+97
1,7690617586683E+97
2,86240205372297E+97
4,63146381239126E+97
7,49386586611423E+97
1,21253296785055E+98
1,96191955446197E+98
3,17445252231252E+98
5,1363720767745E+98
8,31082459908702E+98
1,34471966758615E+99
2,17580212749485E+99
3,520521795081E+99
5,69632392257586E+99
9,21684571765686E+99
1,49131696402327E+100
2,41300153578896E+100
3,90431849981223E+100
6,31732003560119E+100
1,02216385354134E+101
1,65389585710146E+101
2,6760597106428E+101
4,32995556774426E+101
7,00601527838707E+101
1,13359708461313E+102
1,83419861245184E+102
2,96779569706497E+102
4,80199430951681E+102
7,76979000658178E+102
1,25717843160986E+103
2,03415743226804E+103
3,2913358638779E+103
5,32549329614594E+103
8,61682916002383E+103
1,39423224561698E+104
2,25591516161936E+104
3,65014740723634E+104
5,9060625688557E+104
9,55620997609204E+104
1,54622725449477E+105
2,50184825210398E+105
4,04807550659875E+105
6,54992375870273E+105
1,05979992653015E+106
1,71479230240042E+106
2,77459222893057E+106
4,48938453133099E+106
7,26397676026156E+106
1,17533612915925E+107
1,90173380518541E+107
3,07706993434466E+107
4,97880373953008E+107
8,05587367387474E+107
1,30346774134048E+108
2,10905510872796E+108
3,41252285006844E+108
5,52157795879639E+108
8,93410080886483E+108
1,44556787676612E+109
2,33897795765261E+109
3,78454583441873E+109
6,12352379207133E+109
9,90806962649006E+109
1,60315934185614E+110
2,59396630450515E+110
4,19712564636129E+110
6,79109195086643E+110
1,09882175972277E+111
1,77793095480941E+111
2,87675271453219E+111
4,6546836693416E+111
7,53143638387379E+111
1,21861200532154E+112
1,97175564370892E+112
3,19036764903046E+112
5,16212329273937E+112
8,35249094176983E+112
1,35146142345092E+113
2,1867105176279E+113
3,53817194107882E+113
5,72488245870673E+113
9,26305439978555E+113
1,49879368584923E+114
2,42509912582778E+114
3,92389281167701E+114
6,34899193750479E+114
1,02728847491818E+115
1,66218766866866E+115
2,68947614358684E+115
4,3516638122555E+115
7,04113995584234E+115
1,13928037680978E+116
1,84339437239402E+116
2,9826747492038E+116
4,82606912159782E+116
7,80874387080162E+116
1,26348129923994E+117
2,04435568632011E+117
3,30783698556005E+117
5,35219267188016E+117
8,66002965744021E+117
1,40122223293204E+118
2,26722519867606E+118
3,66844743160809E+118
5,93567263028415E+118
9,60412006189225E+118
1,55397926921764E+119
2,51439127540686E+119
4,0683705446245E+119
6,58276182003137E+119
1,06511323646559E+120
1,72338941846872E+120
2,78850265493431E+120
4,51189207340303E+120
7,30039472833734E+120
1,18122868017404E+121
1,91126815300777E+121
3,09249683318181E+121
5,00376498618958E+121
8,09626181937139E+121
1,3100026805561E+122
2,11962886249324E+122
3,42963154304933E+122
5,54926040554257E+122
8,97889194859191E+122
1,45281523541345E+123
2,35070443027264E+123
3,80351966568609E+123
6,15422409595873E+123
9,95774376164481E+123
1,61119678576035E+124
2,60697116192483E+124
4,21816794768519E+124
6,82513910961002E+124
1,10433070572952E+125
1,78684461669052E+125
2,89117532242004E+125
4,67801993911057E+125
7,56919526153061E+125
1,22472152006412E+126
1,98164104621718E+126
3,2063625662813E+126
5,18800361249848E+126
8,39436617877977E+126
1,35823697912783E+127
2,1976735970058E+127
3,55591057613363E+127
5,75358417313943E+127
9,30949474927306E+127
1,50630789224125E+128
2,43725736716855E+128
3,9435652594098E+128
6,38082262657836E+128
1,03243878859882E+129
1,67052105125665E+129
2,70295983985547E+129
4,37348089111212E+129
7,07644073096759E+129
1,14499216220797E+130
1,85263623530473E+130
2,9976283975127E+130
4,85026463281743E+130
7,84789303033013E+130
1,26981576631476E+131
2,05460506934777E+131
3,32442083566253E+131
5,37902590501029E+131
8,70344674067282E+131
1,40824726456831E+132
2,27859193863559E+132
3,6868392032039E+132
5,9654311418395E+132
9,6522703450434E+132
1,56177014868829E+133
2,52699718319263E+133
4,08876733188092E+133
6,61576451507355E+133
1,07045318469545E+134
1,7320296362028E+134
2,80248282089825E+134
4,53451245710105E+134
7,3369952779993E+134
1,18715077351004E+135
1,92085030130997E+135
3,10800107482E+135
5,02885137612997E+135
8,13685245094997E+135
1,31657038270799E+136
2,13025562780299E+136
3,44682601051098E+136
5,57708163831397E+136
9,02390764882496E+136
1,46009892871389E+137
2,36248969359639E+137
3,82258862231028E+137
6,18507831590667E+137
1,0007666938217E+138
1,61927452541236E+138
2,62004121923406E+138
4,23931574464642E+138
6,85935696388048E+138
1,10986727085269E+139
1,79580296724074E+139
2,90567023809343E+139
4,70147320533416E+139
7,60714344342759E+139
1,23086166487618E+140
1,99157600921893E+140
3,22243767409511E+140
5,21401368331404E+140
8,43645135740915E+140
1,36504650407232E+141
2,20869163981324E+141
3,57373814388556E+141
5,78242978369879E+141
9,35616792758435E+141
1,51385977112831E+142
2,44947656388675E+142
3,96333633501506E+142
6,41281289890181E+142
1,03761492339169E+143
1,67889621328187E+143
2,71651113667356E+143
4,39540734995543E+143
7,11191848662898E+143
1,15073258365844E+144
1,86192443232134E+144
3,01265701597978E+144
4,87458144830112E+144
7,8872384642809E+144
1,2761819912582E+145
2,06490583768629E+145
3,34108782894449E+145
5,40599366663078E+145
8,74708149557528E+145
1,41530751622061E+146
2,29001566577813E+146
3,70532318199874E+146
5,99533884777688E+146
9,70066202977562E+146
1,56960008775525E+147
2,53966629073281E+147
4,10926637848806E+147
6,64893266922087E+147
1,07581990477089E+148
1,74071317169298E+148
2,81653307646387E+148
4,55724624815685E+148
7,37377932462073E+148
1,19310255727776E+149
1,93048048973983E+149
3,12358304701759E+149
5,05406353675742E+149
8,17764658377501E+149
1,32317101205324E+150
2,14093567043074E+150
3,46410668248399E+150
5,60504235291473E+150
9,06914903539872E+150
1,46741913883134E+151
2,37433404237122E+151
3,84175318120256E+151
6,21608722357378E+151
1,00578404047763E+152
1,62739276283501E+152
2,63317680331265E+152
4,26056956614766E+152
6,8937463694603E+152
1,1154315935608E+153
1,80480623050683E+153
2,92023782406762E+153
4,72504405457445E+153
7,64528187864207E+153
1,23703259332165E+154
2,00156078118586E+154
3,23859337450751E+154
5,24015415569337E+154
8,47874753020088E+154
1,37189016858943E+155
2,21976492160951E+155
3,59165509019894E+155
5,81142001180845E+155
9,40307510200739E+155
1,52144951138158E+156
2,46175702158232E+156
3,98320653296391E+156
6,44496355454623E+156
1,04281700875101E+157
1,68731336420564E+157
2,73013037295665E+157
4,41744373716229E+157
7,14757411011894E+157
1,15650178472812E+158
1,87125919574002E+158
3,02776098046814E+158
4,89902017620816E+158
7,9267811566763E+158
1,28258013328845E+159
2,07525824895607E+159
3,35783838224452E+159
5,43309663120059E+159
8,79093501344511E+159
1,42240316446457E+160
2,30149666580908E+160
3,72389983027365E+160
6,02539649608274E+160
9,74929632635639E+160
1,57746928224391E+161
2,55239891487955E+161
4,12986819712346E+161
6,68226711200301E+161
1,08121353091265E+162
1,74944024211295E+162
2,8306537730256E+162
4,58009401513855E+162
7,41074778816414E+162
1,19908418033027E+163
1,94015895914668E+163
3,13924313947695E+163
5,07940209862363E+163
8,21864523810059E+163
1,32980473367242E+164
2,15166925748248E+164
3,4814739911549E+164
5,63314324863738E+164
9,11461723979229E+164
1,47477604884297E+165
2,3862377728222E+165
3,86101382166516E+165
6,24725159448736E+165
1,01082654161525E+166
1,63555170106399E+166
2,64637824267924E+166
4,28192994374323E+166
6,92830818642247E+166
1,12102381301657E+167
1,81385463165882E+167
2,93487844467539E+167
4,7487330763342E+167
7,68361152100959E+167
1,24323445973438E+168
2,01159561183534E+168
3,25483007156972E+168
5,26642568340506E+168
8,52125575497477E+168
1,37876814383798E+169
2,23089371933546E+169
3,60966186317344E+169
5,8405555825089E+169
9,45021744568235E+169
1,52907730281912E+170
2,47409904738736E+170
4,00317635020648E+170
6,47727539759384E+170
1,04804517478003E+171
1,69577271453942E+171
2,74381788931945E+171
4,43959060385887E+171
7,18340849317832E+171
1,16229990970372E+172
1,88064075902155E+172
3,04294066872527E+172
4,92358142774682E+172
7,96652209647209E+172
1,28901035242189E+173
2,0856625620691E+173
3,37467291449099E+173
5,46033547656009E+173
8,83500839105108E+173
1,42953438676112E+174
2,31303522586622E+174
3,74256961262734E+174
6,05560483849357E+174
9,79817445112091E+174
1,58537792896145E+175
2,56519537407354E+175
4,15057330303499E+175
6,71576867710852E+175
1,08663419801435E+176
1,7582110657252E+176
2,84484526373955E+176
4,60305632946476E+176
7,44790159320431E+176
1,20509579226691E+177
1,94988595158734E+177
3,15498174385425E+177
5,10486769544158E+177
8,25984943929583E+177
1,33647171347374E+178
2,16245665740332E+178
3,49892837087707E+178
5,66138502828039E+178
9,16031339915746E+178
1,48216984274378E+179
2,39820118265953E+179
3,88037102540332E+179
6,27857220806284E+179
1,01589432334662E+180
1,6437515441529E+180
2,65964586749952E+180
4,30339741165242E+180
6,96304327915193E+180
1,12664406908044E+181
1,82294839699563E+181
2,94959246607606E+181
4,77254086307169E+181
7,72213332914776E+181
1,24946741922194E+182
2,02168075213672E+182
3,27114817135867E+182
5,29282892349539E+182
8,56397709485405E+182
1,38568060183494E+183
2,24207831132035E+183
3,62775891315529E+183
5,86983722447564E+183
9,49759613763093E+183
1,53674333621066E+184
2,48650294997375E+184
4,02324628618441E+184
6,50974923615816E+184
1,05329955223426E+185
1,70427447585007E+185
2,75757402808433E+185
4,4618485039344E+185
7,21942253201873E+185
1,16812710359531E+186
1,89006935679719E+186
3,0581964603925E+186
4,94826581718969E+186
8,00646227758219E+186
1,29547280947719E+187
2,09611903723541E+187
3,39159184671259E+187
5,487710883948E+187
8,87930273066059E+187
1,43670136146086E+188
2,32463163452692E+188
3,76133299598778E+188
6,08596463051469E+188
9,84729762650247E+188
1,59332622570172E+189
2,57805598835196E+189
4,17138221405368E+189
6,74943820240564E+189
1,09208204164593E+190
1,7670258618865E+190
2,85910790353243E+190
4,62613376541893E+190
7,48524166895136E+190
1,21113754343703E+191
1,95966171033216E+191
3,17079925376919E+191
5,13046096410136E+191
8,30126021787055E+191
1,34317211819719E+192
2,17329813998424E+192
3,51647025818143E+192
5,68976839816568E+192
9,20623865634711E+192
1,48960070545128E+193
2,41022457108599E+193
3,89982527653727E+193
6,31004984762326E+193
1,02098751241605E+194
1,65199249717838E+194
2,67298000959443E+194
4,32497250677281E+194
6,99795251636724E+194
1,13229250231401E+195
1,83208775395073E+195
2,96438025626474E+195
4,79646801021547E+195
7,7608482664802E+195
1,25573162766957E+196
2,03181645431759E+196
3,28754808198715E+196
5,31936453630474E+196
8,60691261829189E+196
1,39262771545966E+197
2,25331897728885E+197
3,64594669274852E+197
5,89926567003737E+197
9,54521236278588E+197
1,54444780328233E+198
2,49896903956091E+198
4,04341684284324E+198
6,54238588240415E+198
1,05858027252474E+199
1,71281886076515E+199
2,77139913328989E+199
4,48421799405505E+199
7,25561712734494E+199
1,17398351214E+200
1,89954522487449E+200
3,07352873701449E+200
4,97307396188898E+200
8,04660269890348E+200
1,30196766607925E+201
2,10662793596959E+201
3,40859560204884E+201
5,51522353801843E+201
8,92381914006727E+201
1,44390426780857E+202
2,3362861818153E+202
3,78019044962387E+202
6,11647663143917E+202
9,89666708106303E+202
1,60131437125022E+203
2,59098107935652E+203
4,19229545060674E+203
6,78327652996327E+203
1,097557198057E+204
1,77588485105333E+204
2,87344204911033E+204
4,64932690016366E+204
7,52276894927399E+204
1,21720958494376E+205
1,96948647987116E+205
3,18669606481493E+205
5,15618254468609E+205
8,34287860950102E+205
1,34990611541871E+206
2,18419397636881E+206
3,53410009178752E+206
5,71829406815634E+206
9,25239415994386E+206
1,49706882281002E+207
2,42230823880441E+207
3,91937706161442E+207
6,34168530041883E+207
1,02610623620333E+208
1,66027476624521E+208
2,68638100244853E+208
4,34665576869374E+208
7,03303677114228E+208
1,1379692539836E+209
1,84127293109783E+209
2,97924218508143E+209
4,82051511617926E+209
7,79975730126069E+209
1,262027241744E+210
2,04200297187006E+210
3,30403021361406E+210
5,34603318548412E+210
8,65006339909818E+210
1,39960965845823E+211
2,26461599836805E+211
3,66422565682628E+211
5,92884165519433E+211
9,59306731202061E+211
1,55219089672149E+212
2,51149762792356E+212
4,06368852464505E+212
6,5751861525686E+212
1,06388746772137E+213
1,72140608297823E+213
2,78529355069959E+213
4,50669963367782E+213
7,29199318437741E+213
1,17986928180552E+214
1,90906860024326E+214
3,08893788204879E+214
4,99800648229205E+214
8,08694436434084E+214
1,30849508466329E+215
2,11718952109737E+215
3,42568460576066E+215
5,54287412685803E+215
8,96855873261869E+215
1,45114328594767E+216
2,34799915920954E+216
3,79914244515721E+216
6,14714160436676E+216
9,94628404952397E+216
1,60934256538907E+217
2,60397097034147E+217
4,21331353573054E+217
6,81728450607201E+217
1,10305980418026E+218
1,78478825478746E+218
2,88784805896771E+218
4,67263631375517E+218
7,56048437272288E+218
1,22331206864781E+219
1,97936050592009E+219
3,2026725745679E+219
5,18203308048799E+219
8,38470565505589E+219
1,35667387355439E+220
2,19514443905998E+220
3,55181831261437E+220
5,74696275167434E+220
9,29878106428871E+220
1,50457438159631E+221
2,43445248802518E+221
3,93902686962148E+221
6,37347935764666E+221
1,03125062272681E+222
1,66859855849148E+222
2,69984918121829E+222
4,36844773970977E+222
7,06829692092807E+222
1,14367446606378E+223
1,85050415815659E+223
2,99417862422037E+223
4,84468278237697E+223
7,83886140659734E+223
1,26835441889743E+224
2,05224055955716E+224
3,3205949784546E+224
5,37283553801176E+224
8,69343051646635E+224
1,40662660544781E+225
2,27596965709445E+225
3,68259626254226E+225
5,95856591963671E+225
9,64116218217897E+225
1,55997281018157E+226
2,52408902839946E+226
4,08406183858103E+226
6,60815086698049E+226
1,06922127055615E+227
1,7300363572542E+227
2,79925762781035E+227
4,52929398506456E+227
7,32855161287491E+227
1,18578455979395E+228
1,91863972108144E+228
3,10442428087538E+228
5,02306400195682E+228
8,12748828283221E+228
1,3150552284789E+229
2,12780405676212E+229
3,44285928524103E+229
5,57066334200315E+229
9,01352262724417E+229
1,45841859692473E+230
2,35977085964915E+230
3,81818945657388E+230
6,17796031622303E+230
9,99614977279692E+230
1,61741100890199E+231
2,61702598618169E+231
4,23443699508368E+231
6,85146298126537E+231
1,1085899976349E+232
1,79373629576144E+232
2,90232629339635E+232
4,69606258915779E+232
7,59838888255413E+232
1,22944514717119E+233
1,98928403542661E+233
3,2187291825978E+233
5,2080132180244E+233
8,4267424006222E+233
1,36347556186466E+234
2,20614980192688E+234
3,56962536379154E+234
5,77577516571842E+234
9,34540052950996E+234
1,51211756952284E+235
2,44665762247384E+235
3,95877519199667E+235
6,40543281447051E+235
1,03642080064672E+236
1,67696408209377E+236
2,71338488274049E+236
4,39034896483426E+236
7,10373384757474E+236
1,1494082812409E+237
1,85978166599837E+237
3,00918994723927E+237
4,86897161323765E+237
7,87816156047692E+237
1,27471331737146E+238
2,06252947341915E+238
3,33724279079061E+238
5,39977226420976E+238
8,73701505500036E+238
1,41367873192101E+239
2,28738023742105E+239
3,70105896934206E+239
5,98843920676311E+239
9,68949817610517E+239
1,56779373828683E+240
2,53674355589735E+240
4,10453729418417E+240
6,64128085008152E+240
1,07458181442657E+241
1,73870989943472E+241
2,81329171386129E+241
4,55200161329601E+241
7,3652933271573E+241
1,19172949404533E+242
1,92825882676106E+242
3,11998832080639E+242
5,04824714756745E+242
8,16823546837385E+242
1,32164826159413E+243
2,13847180843151E+243
3,46012007002565E+243
5,59859187845716E+243
9,05871194848281E+243
1,465730382694E+244
2,37160157754228E+244
3,83733196023627E+244
6,20893353777855E+244
1,00462654980148E+245
1,62551990357934E+245
2,63014645338082E+245
4,25566635696016E+245
6,88581281034098E+245
1,11414791673011E+246
1,80272919776421E+246
2,91687711449432E+246
4,71960631225854E+246
7,63648342675286E+246
1,23560897390114E+247
1,99925731657643E+247
3,23486629047756E+247
5,23412360705399E+247
8,46898989753155E+247
1,37031135045855E+248
2,21721034021171E+248
3,58752169067026E+248
5,80473203088197E+248
9,39225372155224E+248
1,51969857524342E+249
2,45892394739865E+249
3,97862252264207E+249
6,43754647004071E+249
1,04161689926828E+250
1,68537154627235E+250
2,72698844554063E+250
4,41235999181298E+250
7,1393484373536E+250
1,15517084291666E+251
1,86910568665202E+251
3,02427652956868E+251
4,89338221622069E+251
7,91765874578937E+251
1,28110409620101E+252
2,07286997077994E+252
3,35397406698095E+252
5,42684403776089E+252
8,78081810474184E+252
1,42076621425027E+253
2,29884802472446E+253
3,71961423897473E+253
6,01846226369919E+253
9,73807650267392E+253
1,57565387663731E+254
2,5494615269047E+254
4,12511540354201E+254
6,67457693044672E+254
1,07996923339887E+255
1,74742692644354E+255
2,82739615984242E+255
4,57482308628596E+255
7,40221924612838E+255
1,19770423324143E+256
1,93792615785427E+256
3,13563039109571E+256
5,07355654894998E+256
8,20918694004569E+256
1,32827434889957E+257
2,14919304290413E+257
3,4774673918037E+257
5,62666043470784E+257
9,10412782651154E+257
1,47307882612194E+258
2,38349160877309E+258
3,85657043489503E+258
6,24006204366812E+258
1,00966324785631E+259
1,63366945222313E+259
2,64333270007944E+259
4,27700215230257E+259
6,92033485238201E+259
1,11973370046846E+260
1,81176718570666E+260
2,93150088617512E+260
4,74326807188178E+260
7,67476895805689E+260
1,24180370299387E+261
2,00928059879956E+261
3,25108430179342E+261
5,26036490059298E+261
8,5114492023864E+261
1,37718141029794E+262
2,22832633053658E+262
3,60550774083452E+262
5,8338340713711E+262
9,43934181220561E+262
1,52731758835767E+263
2,47125176957823E+263
3,9985693579359E+263
6,46982112751413E+263
1,046839048545E+264
1,69382116129642E+264
2,74066020984142E+264
4,43448137113784E+264
7,17514158097926E+264
1,16096229521171E+265
1,87847645330964E+265
3,03943874852134E+265
4,91791520183098E+265
7,95735395035233E+265
1,28752691521833E+266
2,08326231025356E+266
3,37078922547189E+266
5,45405153572546E+266
8,82484076119735E+266
1,42788922969228E+267
2,31037330581202E+267
3,7382625355043E+267
6,04863584131631E+267
9,78689837682061E+267
1,58355342181369E+268
2,56224325949575E+268
4,14579668130945E+268
6,7080399408052E+268
1,08538366221146E+269
1,75618765629198E+269
2,84157131850345E+269
4,59775897479543E+269
7,43933029329888E+269
1,20370892680943E+270
1,94764195613932E+270
3,15135088294875E+270
5,09899283908807E+270
8,25034372203682E+270
1,33493365611249E+271
2,15996802831617E+271
3,49490168442866E+271
5,65486971274483E+271
9,14977139717349E+271
1,48046411099183E+272
2,39544125070918E+272
3,87590536170101E+272
6,2713466124102E+272
1,01472519741112E+273
1,64185985865214E+273
2,65658505606326E+273
4,2984449147154E+273
6,95502997077866E+273
1,12534748854941E+274
1,82085048562727E+274
2,94619797417668E+274
4,76704845980395E+274
7,71324643398063E+274
1,24802948937846E+275
2,01935413277652E+275
3,26738362215498E+275
5,2867377549315E+275
8,55412137708648E+275
1,3840859132018E+276
2,23949805091045E+276
3,62358396411224E+276
5,86308201502269E+276
9,48666597913494E+276
1,53497479941576E+277
2,48364139732926E+277
4,01861619674502E+277
6,50225759407427E+277
1,05208737908193E+278
1,70231313848936E+278
2,75440051757129E+278
4,45671365606064E+278
7,21111417363193E+278
1,16678278296926E+279
1,88789420033245E+279
3,05467698330171E+279
4,94257118363416E+279
7,99724816693586E+279
1,293981935057E+280
2,09370675175059E+280
3,38768868680759E+280
5,48139543855818E+280
8,86908412536577E+280
1,4350479563924E+281
2,32195636892897E+281
3,75700432532137E+281
6,07896069425034E+281
9,83596501957171E+281
1,5914925713822E+282
2,57508907333937E+282
4,16658164472158E+282
6,74167071806095E+282
1,09082523627825E+283
1,76499230808435E+283
2,8558175443626E+283
4,62080985244695E+283
7,47662739680955E+283
1,20974372492565E+284
1,95740646460661E+284
3,16715018953226E+284
5,12455665413886E+284
8,29170684367112E+284
1,341626349781E+285
2,17079703414811E+285
3,51242338392911E+285
5,68322041807722E+285
9,19564380200633E+285
1,48788642200835E+286
2,40745080220899E+286
3,89533722421734E+286
6,30278802642633E+286
1,01981252506437E+287
1,650091327707E+287
2,66990385277137E+287
4,31999518047837E+287
6,98989903324973E+287
1,13098942137281E+288
1,82997932469778E+288
2,96096874607059E+288
4,79094807076838E+288
7,75191681683897E+288
1,25428648876073E+289
2,02947817044463E+289
3,28376465920537E+289
5,31324282965E+289
8,59700748885537E+289
1,39102503185054E+290
2,25072578073607E+290
3,64175081258661E+290
5,89247659332268E+290
9,53422740590929E+290
1,5426703999232E+291
2,49609314051413E+291
4,03876354043732E+291
6,53485668095145E+291
1,05736202213888E+292
1,71084769023402E+292
2,7682097123729E+292
4,47905740260692E+292
7,24726711497982E+292
1,17263245175867E+293
1,89735916325666E+293
3,06999161501533E+293
4,96735077827199E+293
8,03734239328732E+293
1,30046931715593E+294
2,10420355648466E+294
3,40467287364059E+294
5,50887643012525E+294
8,91354930376585E+294
1,44224257338911E+295
2,3335975037657E+295
3,77584007715481E+295
6,1094375809205E+295
9,88527765807531E+295
1,59947152389958E+296
2,58799928970711E+296
4,18747081360669E+296
6,7754701033138E+296
1,09629409169205E+297
1,77384110202343E+297
2,87013519371548E+297
4,64397629573891E+297
7,51411148945439E+297
1,21580877851933E+298
1,96721992746477E+298
3,1830287059841E+298
5,15024863344887E+298
8,33327733943297E+298
1,34835259728818E+299
2,18168033123148E+299
3,53003292851966E+299
5,71171325975114E+299
9,24174618827081E+299
1,49534594480219E+300
2,41952056362928E+300
3,91486650843147E+300
6,33438707206075E+300
1,02492535804922E+301
1,6583640652553E+301
2,68328942330452E+301
4,34165348855981E+301
7,02494291186433E+301
1,13665964004241E+302
1,83915393122885E+302
2,97581357127126E+302
4,81496750250011E+302
7,79078107377137E+302
1,26057485762715E+303
2,03965296500429E+303
3,30022782263143E+303
5,33988078763572E+303
8,64010861026715E+303
1,39799893979029E+304
2,262009800817E+304
3,66000874060729E+304
5,92201854142429E+304
9,58202728203158E+304
1,55040458234559E+305
2,50860731054875E+305
4,05901189289433E+305
6,56761920344308E+305
1,06266310963374E+306
1,71942502997805E+306
2,78208813961179E+306
4,50151316958984E+306
7,28360130920163E+306
1,17851144787915E+307
1,90687157879931E+307
3,08538302667846E+307
4,99225460547777E+307
8,07763763215622E+307
1,3069892237634E+308
végtelen